⁹<?xml version="1.0" encoding="UTF-8" standalone="no"?>
<!DOCTYPE svg PUBLIC "-//W3C//DTD SVG 20010904//EN"
              "http://www.w3.org/TR/2001/REC-SVG-20010904/DTD/svg10.dtd">

<svg xmlns="http://www.w3.org/2000/svg"
     width="20.5778in" height="20.5778in"
     viewBox="0 0 1852 1852">
  <path id="Imported Path #7"
        fill="none" stroke="black" stroke-width="1"
        d="M 1829.45,926.00
           C 1829.45,1424.97 1424.96,1829.45 926.00,1829.45
             427.04,1829.45 22.55,1424.97 22.55,926.00
             22.55,427.04 427.04,22.55 926.00,22.55
             1424.96,22.55 1829.45,427.04 1829.45,926.00 Z
           M 1772.48,918.77
           C 1772.48,1386.26 1393.50,1765.25 926.00,1765.25
             458.50,1765.25 79.52,1386.26 79.52,918.77M 899.00,22.21
           C 899.00,22.21 945.00,22.21 945.00,22.21
             945.00,22.21 960.00,23.00 960.00,23.00
             1030.28,23.82 1116.58,39.06 1184.00,59.28
             1266.34,83.98 1343.67,119.10 1416.00,165.69
             1602.48,285.81 1740.17,472.88 1798.15,687.00
             1809.65,729.46 1817.90,772.36 1823.28,816.00
             1823.28,816.00 1828.04,870.00 1828.04,870.00
             1828.04,870.00 1829.04,881.00 1829.04,881.00
             1829.04,881.00 1829.04,895.00 1829.04,895.00
             1829.04,895.00 1830.00,907.00 1830.00,907.00
             1830.00,907.00 1830.00,945.00 1830.00,945.00
             1830.00,945.00 1829.00,960.00 1829.00,960.00
             1828.10,1037.25 1810.91,1126.20 1787.98,1200.00
             1732.55,1378.30 1617.06,1538.31 1468.00,1650.11
             1386.03,1711.58 1295.51,1757.49 1198.00,1788.66
             1143.58,1806.05 1084.78,1818.09 1028.00,1824.16
             1006.10,1826.51 984.03,1828.97 962.00,1829.00
             962.00,1829.00 945.00,1830.00 945.00,1830.00
             945.00,1830.00 907.00,1830.00 907.00,1830.00
             907.00,1830.00 895.00,1829.04 895.00,1829.04
             895.00,1829.04 881.00,1829.04 881.00,1829.04
             881.00,1829.04 871.00,1828.09 871.00,1828.09
             871.00,1828.09 824.00,1824.16 824.00,1824.16
             755.12,1816.80 687.24,1800.91 622.00,1777.69
             530.54,1745.15 444.32,1697.86 368.00,1637.79
             289.00,1575.61 220.17,1500.57 165.69,1416.00
             93.37,1303.72 45.81,1174.62 29.28,1042.00
             29.28,1042.00 23.96,982.00 23.96,982.00
             23.96,982.00 23.00,963.00 23.00,963.00
             23.00,963.00 22.00,946.00 22.00,946.00
             22.00,946.00 22.00,906.00 22.00,906.00
             22.00,906.00 22.96,894.00 22.96,894.00
             22.96,894.00 22.96,881.00 22.96,881.00
             22.96,881.00 23.96,870.00 23.96,870.00
             25.35,838.20 29.31,806.43 34.59,775.00
             48.62,691.33 74.28,609.40 111.26,533.00
             200.34,348.96 354.71,193.24 541.00,107.69
             577.17,91.08 613.94,75.85 652.00,64.02
             703.43,48.04 756.53,35.95 810.00,29.28
             810.00,29.28 871.00,23.91 871.00,23.91
             871.00,23.91 883.00,23.00 883.00,23.00
             888.39,22.99 893.65,23.18 899.00,22.21 Z
           M 79.52,933.23
           C 79.52,465.73 458.50,86.75 926.00,86.75
             1393.50,86.75 1772.48,465.73 1772.48,933.23M 1801.36,734.29
           C 1801.36,734.29 1801.36,1121.33 1801.36,1121.33
             1801.36,1121.33 50.64,1121.33 50.64,1121.33
             50.64,1121.33 50.64,734.29 50.64,734.29
             50.64,734.29 1801.36,734.29 1801.36,734.29 Z
           M 1373.71,926.00
           C 1373.71,1173.26 1173.26,1373.71 926.00,1373.71
             678.74,1373.71 478.29,1173.26 478.29,926.00
             478.29,678.74 678.74,478.29 926.00,478.29
             1173.26,478.29 1373.71,678.74 1373.71,926.00 Z
           M 1197.38,926.00
           C 1197.38,1075.88 1075.88,1197.38 926.00,1197.38
             776.12,1197.38 654.62,1075.88 654.62,926.00
             654.62,776.12 776.12,654.62 926.00,654.62
             1075.88,654.62 1197.38,776.12 1197.38,926.00 Z
           M 1110.57,926.00
           C 1110.57,1027.93 1027.93,1110.57 926.00,1110.57
             824.07,1110.57 741.43,1027.93 741.43,926.00
             741.43,824.07 824.07,741.43 926.00,741.43
             1027.93,741.43 1110.57,824.07 1110.57,926.00 Z
           M 1056.31,926.00
           C 1056.31,997.97 997.97,1056.31 926.00,1056.31
             854.03,1056.31 795.69,997.97 795.69,926.00
             795.69,854.03 854.03,795.69 926.00,795.69
             997.97,795.69 1056.31,854.03 1056.31,926.00 Z" />
</svg>
